function P_k = getPk()
k = -7:0.5:-1;
P_k = [0 10.^k];
%P_k = [0 0.001 0.005 0.01 0.05 0.1 0.2 0.35 0.5]; 


end